NAME : global
TYPE : ATSP
DIMENSION : 12
EDGE_WEIGHT_TYPE : EXPLICIT
EDGE_WEIGHT_FORMAT : FULL_MATRIX
EDGE_WEIGHT_SECTION
0 4869 2371 1862 3820 3860 5975 5027 3358 5289 2467 4409 
0 0 4057 3385 5159 6682 6039 4391 2389 2136 2699 2092 
0 4057 0 1081 2723 3024 4914 4153 2336 4419 1884 4045 
0 3385 1081 0 3071 3753 5101 3995 1815 3880 1087 3326 
0 5159 2723 3071 0 2161 2383 2364 2804 4250 4033 6048 
0 6682 3024 3753 2161 0 4148 4519 4413 6224 4798 7022 
0 6039 4914 5101 2383 4148 0 1825 4059 4368 5875 7507 
0 4391 4153 3995 2364 4519 1825 0 2588 2653 4574 5956 
0 2389 2336 1815 2804 4413 4059 2588 0 2120 2048 3467 
0 2136 4419 3880 4250 6224 4368 2653 2120 0 3776 4116 
0 2699 1884 1087 4033 4798 5875 4574 2048 3776 0 2253 
0 2092 4045 3326 6048 7022 7507 5956 3467 4116 2253 0 
EOF