NAME : global
TYPE : ATSP
DIMENSION : 12
EDGE_WEIGHT_TYPE : EXPLICIT
EDGE_WEIGHT_FORMAT : FULL_MATRIX
EDGE_WEIGHT_SECTION
0 5501 3914 2086 4600 4998 4504 5389 3106 3075 4669 4792 
0 0 4889 4456 7287 3243 2488 4522 2668 3560 2063 4162 
0 4889 0 2483 2462 2489 2584 2101 3066 4832 5265 6542 
0 4456 2483 0 3754 3781 3209 4161 1800 2703 3825 4455 
0 7287 2462 3754 0 4859 5036 4106 5108 6454 7344 8192 
0 3243 2489 3781 4859 0 947 1302 2985 4915 4525 6373 
0 2488 2584 3209 5036 947 0 2127 2115 4023 3589 5433 
0 4522 2101 4161 4106 1302 2127 0 3882 5850 5685 7421 
0 2668 3066 1800 5108 2985 2115 3882 0 1995 2267 3587 
0 3560 4832 2703 6454 4915 4023 5850 1995 0 1892 1864 
0 2063 5265 3825 7344 4525 3589 5685 2267 1892 0 2111 
0 4162 6542 4455 8192 6373 5433 7421 3587 1864 2111 0 
EOF