NAME : global
TYPE : ATSP
DIMENSION : 11
EDGE_WEIGHT_TYPE : EXPLICIT
EDGE_WEIGHT_FORMAT : FULL_MATRIX
EDGE_WEIGHT_SECTION
0 5426 3677 2077 4047 2759 4816 3235 4614 5015 5796 
0 0 4453 4399 6446 3651 2578 2506 2476 3600 4825 
0 4453 0 2141 2065 4075 5320 2628 2374 1923 2369 
0 4399 2141 0 2926 2295 4145 1901 3361 3624 4431 
0 6446 2065 2926 0 5217 6894 4311 4434 3812 3710 
0 3651 4075 2295 5217 0 2210 1892 4047 4856 5979 
0 2578 5320 4145 6894 2210 0 2702 4298 5359 6607 
0 2506 2628 1901 4311 1892 2702 0 2198 3003 4175 
0 2476 2374 3361 4434 4047 4298 2198 0 1198 2457 
0 3600 1923 3624 3812 4856 5359 3003 1198 0 1272 
0 4825 2369 4431 3710 5979 6607 4175 2457 1272 0 
EOF