NAME : global
TYPE : ATSP
DIMENSION : 14
EDGE_WEIGHT_TYPE : EXPLICIT
EDGE_WEIGHT_FORMAT : FULL_MATRIX
EDGE_WEIGHT_SECTION
0 6122 3593 2061 1606 4271 2934 3539 5213 4903 4929 4366 4747 5598 
0 0 2714 4411 4844 4006 5898 4098 1161 1784 3461 7889 6599 5138 
0 2714 0 1731 2256 2343 3658 2544 2022 2058 3250 5823 5051 4605 
0 4411 1731 0 1107 2432 3013 2906 3663 3542 4202 5102 4913 5222 
0 4844 2256 1107 0 3515 2038 2222 3899 3602 3770 4058 3914 4479 
0 4006 2343 2432 3515 0 5189 4751 3911 4190 5574 7348 7007 6914 
0 5898 3658 3013 2038 5189 0 2153 4850 4433 3948 2197 2171 3659 
0 4098 2544 2906 2222 4751 2153 0 2962 2434 1836 3861 2676 2316 
0 1161 2022 3663 3899 3911 4850 2962 0 645 2397 6791 5500 4111 
0 1784 2058 3542 3602 4190 4433 2434 645 0 1771 6293 4963 3538 
0 3461 3250 4202 3770 5574 3948 1836 2397 1771 0 5333 3779 1984 
0 7889 5823 5102 4058 7348 2197 3861 6791 6293 5333 0 1919 4303 
0 6599 5051 4913 3914 7007 2171 2676 5500 4963 3779 1919 0 2438 
0 5138 4605 5222 4479 6914 3659 2316 4111 3538 1984 4303 2438 0 
EOF