NAME : global
TYPE : ATSP
DIMENSION : 13
EDGE_WEIGHT_TYPE : EXPLICIT
EDGE_WEIGHT_FORMAT : FULL_MATRIX
EDGE_WEIGHT_SECTION
0 5388 3173 3119 1837 4411 5739 3718 4295 4491 4605 5227 5625 
0 0 3609 2451 4574 2000 3264 4087 6583 4066 2531 1322 4451 
0 3609 0 1889 2457 3475 5233 3891 5273 2208 2069 3063 5606 
0 2451 1889 0 2136 1687 3451 2469 4578 3461 2520 2601 3926 
0 4574 2457 2136 0 3277 4559 2291 3070 4465 4167 4652 4347 
0 2000 3475 1687 3277 0 1818 2140 4712 4862 3572 2954 2632 
0 3264 5233 3451 4559 1818 0 2573 4911 6670 5321 4490 1413 
0 4087 3891 2469 2291 2140 2573 0 2601 5850 4953 4797 2068 
0 6583 5273 4578 3070 4712 4911 2601 0 7433 6925 7110 3849 
0 4066 2208 3461 4465 4862 6670 5850 7433 0 1560 2899 7352 
0 2531 2069 2520 4167 3572 5321 4953 6925 1560 0 1391 6160 
0 1322 3063 2601 4652 2954 4490 4797 7110 2899 1391 0 5560 
0 4451 5606 3926 4347 2632 1413 2068 3849 7352 6160 5560 0 
EOF