NAME : global
TYPE : ATSP
DIMENSION : 13
EDGE_WEIGHT_TYPE : EXPLICIT
EDGE_WEIGHT_FORMAT : FULL_MATRIX
EDGE_WEIGHT_SECTION
0 2332 1749 3653 4386 2695 3341 4398 4855 5444 5444 4981 5697 
0 0 1297 1571 2798 2479 2351 4804 4608 4589 3889 3686 3815 
0 1297 0 2596 4049 1340 1954 3592 3669 4158 4412 3698 4742 
0 1571 2596 0 2667 3446 2423 5691 4974 4238 2550 2913 2249 
0 2798 4049 2667 0 5252 4872 7568 7305 6878 4875 5575 3820 
0 2479 1340 3446 5252 0 1772 2329 2450 3458 4730 3523 5374 
0 2351 1954 2423 4872 1772 0 3548 2610 2278 3000 1817 3873 
0 4804 3592 5691 7568 2329 3548 0 1873 3975 6451 4863 7397 
0 4608 3669 4974 7305 2450 2610 1873 0 2172 5075 3335 6230 
0 4589 4158 4238 6878 3458 2278 3975 2172 0 3341 1597 4733 
0 3889 4412 2550 4875 4730 3000 6451 5075 3341 0 1789 1600 
0 3686 3698 2913 5575 3523 1817 4863 3335 1597 1789 0 3142 
0 3815 4742 2249 3820 5374 3873 7397 6230 4733 1600 3142 0 
EOF