NAME : global
TYPE : ATSP
DIMENSION : 14
EDGE_WEIGHT_TYPE : EXPLICIT
EDGE_WEIGHT_FORMAT : FULL_MATRIX
EDGE_WEIGHT_SECTION
0 5954 2683 2005 3645 3897 3315 2761 4144 4735 5603 4784 4780 5033 
0 0 4200 4788 2540 4082 3934 5413 7377 6023 4811 2672 1723 1029 
0 4200 0 1206 1704 1974 2548 2694 4892 4688 5114 3828 3728 3529 
0 4788 1206 0 2428 3119 1950 1592 3731 3746 4511 3679 3936 3950 
0 2540 1704 2428 0 2093 2500 3513 5715 4955 4657 2769 2223 1895 
0 4082 1974 3119 2093 0 4219 4649 6846 6558 6636 4860 4151 3760 
0 3934 2548 1950 2500 4219 0 1589 3453 2469 2607 1983 2850 3024 
0 5413 2694 1592 3513 4649 1589 0 2243 2254 3511 3550 4360 4517 
0 7377 4892 3731 5715 6846 3453 2243 0 2005 4008 5079 6163 6459 
0 6023 4688 3746 4955 6558 2469 2254 2005 0 2074 3564 4909 5189 
0 4811 5114 4511 4657 6636 2607 3511 4008 2074 0 2284 3774 4110 
0 2672 3828 3679 2769 4860 1983 3550 5079 3564 2284 0 1507 1858 
0 1723 3728 3936 2223 4151 2850 4360 6163 4909 3774 1507 0 824 
0 1029 3529 3950 1895 3760 3024 4517 6459 5189 4110 1858 824 0 
EOF