NAME : global
TYPE : ATSP
DIMENSION : 14
EDGE_WEIGHT_TYPE : EXPLICIT
EDGE_WEIGHT_FORMAT : FULL_MATRIX
EDGE_WEIGHT_SECTION
0 4954 3646 2524 1798 4437 5317 4266 5567 3079 3044 4852 5609 4658 
0 0 4929 4892 4040 7307 4256 3287 5949 2559 2392 2321 1895 2404 
0 4929 0 1471 2182 2577 2925 2118 2276 2544 3985 3474 4415 5863 
0 4892 1471 0 1147 2553 4092 2959 3726 2557 3274 4086 4946 5203 
0 4040 2182 1147 0 3656 4086 2815 4298 1844 2279 3622 4407 4215 
0 7307 2577 2553 3656 0 5286 4694 3793 4882 5817 6046 6985 7729 
0 4256 2925 4092 4086 5286 0 1493 2156 2820 4813 1946 2784 6213 
0 3287 2118 2959 2815 4694 1493 0 2669 1523 3420 1384 2347 4938 
0 5949 2276 3726 4298 3793 2156 2669 0 3914 5796 3816 4713 7508 
0 2559 2544 2557 1844 4882 2820 1523 3914 0 2055 1832 2606 3703 
0 2392 3985 3274 2279 5817 4813 3420 5796 2055 0 3387 3655 1944 
0 2321 3474 4086 3622 6046 1946 1384 3816 1832 3387 0 1046 4437 
0 1895 4415 4946 4407 6985 2784 2347 4713 2606 3655 1046 0 4248 
0 2404 5863 5203 4215 7729 6213 4938 7508 3703 1944 4437 4248 0 
EOF