NAME : global
TYPE : ATSP
DIMENSION : 12
EDGE_WEIGHT_TYPE : EXPLICIT
EDGE_WEIGHT_FORMAT : FULL_MATRIX
EDGE_WEIGHT_SECTION
0 5210 3707 1920 4387 4725 3599 3697 5087 5558 2918 3482 
0 0 2144 4240 4079 2070 6299 5618 5573 3643 4206 2689 
0 2144 0 2631 2392 2856 5393 4686 5315 4375 3073 2173 
0 4240 2631 0 3955 3537 3068 2558 3883 4341 1253 2063 
0 4079 2392 3955 0 5236 7021 6417 7425 6762 4867 4444 
0 2070 2856 3537 5236 0 4659 4001 3599 1650 2963 1492 
0 6299 5393 3068 7021 4659 0 1148 2310 4327 2435 3657 
0 5618 4686 2558 6417 4001 1148 0 1807 3741 1616 2933 
0 5573 5315 3883 7425 3599 2310 1807 0 2622 2686 3204 
0 3643 4375 4341 6762 1650 4327 3741 2622 0 3375 2495 
0 4206 3073 1253 4867 2963 2435 1616 2686 3375 0 1579 
0 2689 2173 2063 4444 1492 3657 2933 3204 2495 1579 0 
EOF