NAME : local_8
TYPE : ATSP
DIMENSION : 15
EDGE_WEIGHT_TYPE : EXPLICIT
EDGE_WEIGHT_FORMAT : FULL_MATRIX
EDGE_WEIGHT_SECTION
0 10000000 567 951 895 1187 1205 603 765 565 10000000 10000000 293 382 911 
0 0 10000000 445 524 10000000 829 10000000 10000000 10000000 10000000 10000000 10000000 10000000 758 
0 10000000 0 10000000 10000000 10000000 908 630 727 439 10000000 10000000 679 800 569 
0 445 10000000 0 156 690 646 10000000 10000000 982 10000000 10000000 10000000 10000000 882 
0 524 10000000 156 0 756 741 10000000 10000000 1027 10000000 10000000 10000000 10000000 1039 
0 10000000 10000000 690 756 0 323 925 970 710 10000000 476 10000000 10000000 918 
0 829 908 646 741 323 0 860 896 514 10000000 693 10000000 10000000 605 
0 10000000 630 10000000 10000000 994 860 0 168 462 10000000 879 742 799 955 
0 10000000 727 10000000 10000000 981 896 168 0 529 10000000 823 910 965 10000000 
0 10000000 439 960 1031 710 514 462 529 0 10000000 878 792 953 505 
0 10000000 10000000 10000000 10000000 10000000 10000000 10000000 10000000 10000000 0 841 10000000 10000000 10000000 
0 10000000 10000000 10000000 10000000 476 693 879 823 878 841 0 10000000 10000000 10000000 
0 10000000 679 10000000 10000000 10000000 10000000 742 910 792 10000000 10000000 0 134 10000000 
0 10000000 800 10000000 10000000 10000000 10000000 799 965 952 10000000 10000000 134 0 10000000 
0 10000000 10000000 10000000 10000000 10000000 10000000 10000000 10000000 10000000 10000000 10000000 10000000 10000000 0 
EOF