NAME : local_9
TYPE : ATSP
DIMENSION : 15
EDGE_WEIGHT_TYPE : EXPLICIT
EDGE_WEIGHT_FORMAT : FULL_MATRIX
EDGE_WEIGHT_SECTION
0 10000000 704 10000000 10000000 10000000 746 10000000 10000000 824 10000000 10000000 10000000 1049 10000000 
0 0 10000000 147 929 10000000 10000000 524 270 923 10000000 808 518 589 619 
0 10000000 0 10000000 10000000 10000000 10000000 10000000 915 10000000 10000000 10000000 10000000 10000000 10000000 
0 147 10000000 0 818 10000000 10000000 420 403 795 10000000 668 501 460 537 
0 929 10000000 818 0 710 923 422 10000000 850 573 423 644 804 10000000 
0 10000000 10000000 10000000 710 0 454 908 10000000 681 426 574 10000000 932 10000000 
0 10000000 10000000 10000000 923 454 0 965 10000000 484 809 632 10000000 796 990 
0 524 10000000 420 422 908 999 0 688 715 917 397 331 531 768 
0 270 915 403 10000000 10000000 10000000 688 0 10000000 10000000 10000000 542 810 813 
0 923 10000000 795 850 681 484 715 10000000 0 10000000 430 971 360 539 
0 10000000 10000000 10000000 573 426 809 917 10000000 10000000 0 718 10000000 10000000 10000000 
0 808 10000000 668 423 574 632 397 10000000 430 718 0 707 440 727 
0 518 10000000 501 644 10000000 10000000 331 542 971 10000000 707 0 773 950 
0 589 10000000 460 804 932 796 531 810 360 10000000 440 773 0 287 
0 10000000 10000000 10000000 10000000 10000000 10000000 10000000 10000000 10000000 10000000 10000000 10000000 10000000 0 
EOF