NAME : local_3
TYPE : ATSP
DIMENSION : 14
EDGE_WEIGHT_TYPE : EXPLICIT
EDGE_WEIGHT_FORMAT : FULL_MATRIX
EDGE_WEIGHT_SECTION
0 10000000 962 1010 235 406 825 1028 388 826 676 846 788 10000000 
0 0 189 10000000 10000000 10000000 10000000 10000000 674 831 885 493 413 711 
0 189 0 10000000 10000000 10000000 10000000 10000000 664 897 916 610 253 863 
0 10000000 10000000 0 1086 1127 380 375 10000000 10000000 10000000 10000000 10000000 10000000 
0 10000000 10000000 1216 0 200 1049 10000000 534 803 628 938 962 10000000 
0 10000000 10000000 1331 200 0 1091 10000000 732 952 771 10000000 10000000 10000000 
0 10000000 10000000 380 990 1103 0 260 10000000 10000000 10000000 10000000 10000000 10000000 
0 10000000 10000000 375 10000000 10000000 260 0 10000000 10000000 10000000 10000000 10000000 10000000 
0 674 664 10000000 534 732 10000000 10000000 0 582 503 468 569 10000000 
0 831 897 10000000 803 952 10000000 10000000 582 0 183 432 940 824 
0 885 916 10000000 628 771 10000000 10000000 503 183 0 519 910 984 
0 493 610 10000000 938 10000000 10000000 10000000 468 432 519 0 700 678 
0 413 253 10000000 962 10000000 10000000 10000000 569 940 910 700 0 10000000 
0 711 863 10000000 10000000 10000000 10000000 10000000 10000000 824 984 678 10000000 0 
EOF