NAME : local_4
TYPE : ATSP
DIMENSION : 13
EDGE_WEIGHT_TYPE : EXPLICIT
EDGE_WEIGHT_FORMAT : FULL_MATRIX
EDGE_WEIGHT_SECTION
0 764 438 887 262 578 750 10000000 332 650 10000000 10000000 889 
0 0 10000000 587 815 332 10000000 10000000 438 602 903 750 10000000 
0 10000000 0 10000000 335 871 1026 1208 707 10000000 10000000 10000000 10000000 
0 587 10000000 0 10000000 769 982 10000000 711 272 883 300 638 
0 815 335 10000000 0 539 936 10000000 400 806 10000000 10000000 1292 
0 332 871 769 539 0 10000000 10000000 272 696 10000000 937 10000000 
0 10000000 1198 982 936 10000000 0 474 965 742 10000000 10000000 655 
0 10000000 1229 10000000 10000000 10000000 474 0 10000000 10000000 10000000 10000000 878 
0 438 707 711 400 272 965 10000000 0 548 10000000 944 922 
0 602 10000000 272 806 696 742 10000000 548 0 10000000 554 548 
0 903 10000000 883 10000000 10000000 10000000 10000000 10000000 10000000 0 687 10000000 
0 750 10000000 300 10000000 937 10000000 10000000 944 554 687 0 723 
0 10000000 10000000 638 1066 10000000 655 878 922 548 10000000 723 0 
EOF