NAME : local_9
TYPE : ATSP
DIMENSION : 22
EDGE_WEIGHT_TYPE : EXPLICIT
EDGE_WEIGHT_FORMAT : FULL_MATRIX
EDGE_WEIGHT_SECTION
0 10000000 10000000 10000000 476 10000000 10000000 591 247 389 10000000 980 10000000 10000000 10000000 277 10000000 645 569 10000000 10000000 957 
0 0 10000000 943 987 675 10000000 814 10000000 10000000 10000000 10000000 10000000 10000000 562 10000000 10000000 1015 10000000 313 915 858 
0 10000000 0 245 10000000 635 346 10000000 10000000 10000000 987 848 393 645 10000000 10000000 493 1423 10000000 10000000 946 10000000 
0 939 245 0 10000000 396 326 10000000 10000000 10000000 838 871 233 518 10000000 10000000 587 10000000 10000000 966 709 10000000 
0 987 10000000 10000000 0 10000000 10000000 250 352 626 10000000 10000000 10000000 10000000 925 206 10000000 212 530 868 10000000 895 
0 675 635 396 10000000 0 599 1059 10000000 10000000 769 10000000 410 575 724 10000000 873 10000000 10000000 614 393 928 
0 10000000 346 326 10000000 599 0 10000000 10000000 10000000 666 550 201 324 10000000 10000000 302 10000000 10000000 10000000 777 10000000 
0 814 10000000 10000000 250 1049 10000000 0 377 578 10000000 10000000 10000000 10000000 695 333 10000000 381 774 659 10000000 675 
0 10000000 10000000 10000000 352 10000000 10000000 377 0 281 10000000 10000000 10000000 10000000 901 168 10000000 557 680 942 10000000 754 
0 10000000 10000000 10000000 626 10000000 10000000 578 281 0 10000000 10000000 10000000 10000000 902 450 10000000 832 931 10000000 10000000 668 
0 10000000 987 838 10000000 769 666 10000000 10000000 10000000 0 664 610 344 10000000 10000000 810 10000000 10000000 10000000 562 10000000 
0 10000000 848 871 10000000 10000000 550 10000000 10000000 10000000 664 0 696 535 10000000 10000000 385 10000000 950 10000000 10000000 10000000 
0 10000000 393 233 10000000 410 201 10000000 10000000 10000000 610 696 0 285 10000000 10000000 498 10000000 10000000 972 595 10000000 
0 10000000 645 518 10000000 575 324 10000000 10000000 10000000 344 535 285 0 10000000 10000000 520 10000000 10000000 10000000 570 10000000 
0 562 10000000 10000000 925 724 10000000 695 901 902 10000000 10000000 10000000 10000000 0 949 10000000 10000000 10000000 259 709 318 
0 10000000 10000000 10000000 206 10000000 10000000 333 168 450 10000000 10000000 10000000 10000000 949 0 10000000 401 537 945 10000000 854 
0 10000000 493 587 10000000 873 302 10000000 10000000 10000000 810 385 498 520 10000000 10000000 0 1235 861 10000000 10000000 10000000 
0 982 1344 10000000 212 10000000 10000000 381 557 832 10000000 10000000 10000000 10000000 10000000 401 1100 0 499 889 10000000 10000000 
0 10000000 10000000 10000000 530 10000000 10000000 774 680 931 10000000 950 10000000 10000000 10000000 537 861 499 0 10000000 10000000 10000000 
0 313 10000000 965 868 614 10000000 659 942 10000000 10000000 10000000 981 10000000 259 945 10000000 889 10000000 0 739 549 
0 915 946 709 10000000 393 777 10000000 10000000 10000000 562 10000000 595 570 709 10000000 10000000 10000000 10000000 739 0 826 
0 10000000 10000000 10000000 10000000 10000000 10000000 10000000 10000000 10000000 10000000 10000000 10000000 10000000 10000000 10000000 10000000 10000000 10000000 10000000 10000000 0 
EOF