NAME : local_7
TYPE : ATSP
DIMENSION : 16
EDGE_WEIGHT_TYPE : EXPLICIT
EDGE_WEIGHT_FORMAT : FULL_MATRIX
EDGE_WEIGHT_SECTION
0 10000000 614 10000000 10000000 10000000 446 10000000 10000000 367 433 238 280 10000000 767 10000000 
0 0 10000000 10000000 891 10000000 10000000 618 344 10000000 10000000 10000000 10000000 10000000 10000000 10000000 
0 10000000 0 690 10000000 871 487 10000000 10000000 289 264 609 797 728 386 751 
0 10000000 690 0 939 637 10000000 10000000 10000000 928 884 10000000 10000000 307 731 896 
0 891 10000000 939 0 541 10000000 352 595 10000000 10000000 10000000 10000000 699 10000000 885 
0 10000000 871 637 541 0 10000000 848 10000000 10000000 903 10000000 10000000 330 595 446 
0 10000000 487 10000000 10000000 10000000 0 10000000 10000000 261 512 299 453 10000000 827 10000000 
0 618 10000000 10000000 352 866 10000000 0 289 10000000 10000000 10000000 10000000 917 10000000 10000000 
0 344 10000000 10000000 595 10000000 10000000 289 0 10000000 10000000 10000000 10000000 10000000 10000000 10000000 
0 10000000 289 934 10000000 10000000 261 10000000 10000000 0 280 321 511 946 588 930 
0 10000000 264 884 10000000 903 512 10000000 10000000 280 0 527 679 848 353 677 
0 10000000 609 10000000 10000000 10000000 299 10000000 10000000 321 527 0 200 10000000 863 10000000 
0 10000000 797 10000000 10000000 10000000 453 10000000 10000000 511 679 200 0 10000000 10000000 10000000 
0 10000000 728 307 699 330 10000000 917 10000000 946 848 10000000 10000000 0 602 650 
0 10000000 386 731 10000000 595 827 10000000 10000000 588 353 863 10000000 602 0 367 
0 10000000 10000000 10000000 10000000 10000000 10000000 10000000 10000000 10000000 10000000 10000000 10000000 10000000 10000000 0 
EOF