NAME : local_2
TYPE : ATSP
DIMENSION : 24
EDGE_WEIGHT_TYPE : EXPLICIT
EDGE_WEIGHT_FORMAT : FULL_MATRIX
EDGE_WEIGHT_SECTION
0 586 844 10000000 1088 10000000 10000000 10000000 740 10000000 819 10000000 771 862 1035 10000000 10000000 833 10000000 10000000 10000000 321 10000000 968 
0 0 835 10000000 10000000 10000000 10000000 10000000 890 10000000 506 596 232 803 10000000 10000000 1399 749 10000000 10000000 10000000 417 10000000 897 
0 837 0 774 363 474 10000000 10000000 10000000 883 10000000 10000000 1007 10000000 613 10000000 344 366 605 10000000 10000000 1094 10000000 10000000 
0 10000000 774 0 433 351 402 492 10000000 658 10000000 10000000 10000000 10000000 427 579 527 10000000 616 527 947 10000000 1018 1289 
0 10000000 363 433 0 132 828 881 10000000 660 10000000 10000000 10000000 10000000 342 10000000 205 728 485 816 10000000 10000000 10000000 10000000 
0 10000000 474 351 132 0 734 764 10000000 546 10000000 10000000 10000000 10000000 225 910 325 837 573 803 10000000 10000000 10000000 10000000 
0 10000000 10000000 402 828 734 0 240 10000000 828 10000000 10000000 10000000 1028 732 279 918 10000000 951 559 747 10000000 670 927 
0 10000000 10000000 492 881 764 240 0 10000000 699 10000000 10000000 10000000 10000000 693 326 10000000 10000000 10000000 779 967 10000000 805 1125 
0 890 10000000 10000000 10000000 10000000 10000000 10000000 0 10000000 620 884 884 329 10000000 10000000 10000000 10000000 10000000 10000000 10000000 596 813 412 
0 10000000 883 658 660 546 828 699 10000000 0 10000000 10000000 10000000 10000000 321 973 866 10000000 10000000 10000000 10000000 10000000 10000000 10000000 
0 506 10000000 10000000 10000000 10000000 10000000 10000000 620 10000000 0 274 359 382 10000000 10000000 10000000 10000000 10000000 10000000 729 572 774 448 
0 596 10000000 10000000 10000000 10000000 10000000 10000000 884 10000000 274 0 380 605 10000000 10000000 10000000 10000000 10000000 10000000 621 801 825 629 
0 232 1003 10000000 10000000 10000000 10000000 10000000 884 10000000 359 380 0 721 10000000 10000000 10000000 984 10000000 10000000 959 545 10000000 799 
0 803 10000000 10000000 10000000 10000000 1050 10000000 329 10000000 382 605 721 0 10000000 990 10000000 10000000 10000000 10000000 760 667 564 124 
0 10000000 613 427 342 225 732 693 10000000 321 10000000 10000000 10000000 10000000 0 903 546 958 798 944 10000000 10000000 10000000 10000000 
0 10000000 10000000 579 10000000 910 279 326 10000000 973 10000000 10000000 10000000 983 903 0 10000000 10000000 10000000 628 703 10000000 566 878 
0 1111 344 527 205 325 918 10000000 10000000 866 10000000 10000000 10000000 10000000 546 10000000 0 671 305 771 10000000 10000000 10000000 10000000 
0 749 366 10000000 728 837 10000000 10000000 10000000 10000000 10000000 10000000 963 10000000 958 10000000 671 0 856 10000000 10000000 964 10000000 10000000 
0 10000000 605 616 485 573 951 10000000 10000000 10000000 10000000 10000000 10000000 10000000 798 10000000 305 856 0 618 10000000 10000000 10000000 10000000 
0 10000000 10000000 527 816 803 559 779 10000000 10000000 10000000 10000000 10000000 10000000 944 628 771 10000000 618 0 608 10000000 881 10000000 
0 10000000 10000000 918 10000000 10000000 747 967 10000000 10000000 729 621 959 760 10000000 703 10000000 10000000 10000000 608 0 10000000 467 677 
0 417 1209 10000000 10000000 10000000 10000000 10000000 596 10000000 572 801 545 667 10000000 10000000 10000000 964 10000000 10000000 10000000 0 10000000 786 
0 10000000 10000000 974 10000000 10000000 670 805 813 10000000 774 825 10000000 564 10000000 566 10000000 10000000 10000000 881 467 10000000 0 441 
0 10000000 10000000 10000000 10000000 10000000 10000000 10000000 10000000 10000000 10000000 10000000 10000000 10000000 10000000 10000000 10000000 10000000 10000000 10000000 10000000 10000000 10000000 0 
EOF