NAME : local_3
TYPE : ATSP
DIMENSION : 13
EDGE_WEIGHT_TYPE : EXPLICIT
EDGE_WEIGHT_FORMAT : FULL_MATRIX
EDGE_WEIGHT_SECTION
0 768 708 197 664 780 951 631 488 10000000 860 553 830 
0 0 491 720 722 10000000 10000000 10000000 10000000 10000000 10000000 10000000 10000000 
0 491 0 585 260 10000000 10000000 771 10000000 10000000 10000000 10000000 10000000 
0 720 585 0 519 931 915 491 656 10000000 972 689 763 
0 722 260 519 0 10000000 10000000 553 1075 10000000 10000000 10000000 980 
0 10000000 10000000 931 10000000 0 10000000 10000000 559 10000000 10000000 828 10000000 
0 10000000 10000000 915 10000000 10000000 0 636 10000000 522 750 785 206 
0 10000000 771 491 553 10000000 636 0 903 10000000 989 829 433 
0 10000000 10000000 656 1054 559 10000000 903 0 10000000 540 269 965 
0 10000000 10000000 10000000 10000000 10000000 522 10000000 10000000 0 927 10000000 688 
0 10000000 10000000 972 10000000 10000000 750 989 540 927 0 319 810 
0 10000000 10000000 689 10000000 828 785 829 269 10000000 319 0 774 
0 10000000 10000000 763 980 10000000 206 433 965 688 810 774 0 
EOF