NAME : local_7
TYPE : ATSP
DIMENSION : 14
EDGE_WEIGHT_TYPE : EXPLICIT
EDGE_WEIGHT_FORMAT : FULL_MATRIX
EDGE_WEIGHT_SECTION
0 10000000 959 10000000 10000000 346 10000000 10000000 10000000 790 10000000 10000000 488 566 
0 0 479 134 652 937 10000000 10000000 432 10000000 806 10000000 10000000 10000000 
0 479 0 414 626 704 878 10000000 410 549 1001 959 618 1107 
0 134 414 0 657 804 10000000 10000000 438 925 829 10000000 903 10000000 
0 652 626 657 0 10000000 10000000 809 251 989 473 10000000 1070 1114 
0 937 704 804 10000000 0 991 10000000 1035 636 10000000 10000000 412 753 
0 10000000 878 10000000 10000000 991 0 10000000 10000000 417 10000000 422 591 763 
0 10000000 10000000 10000000 809 10000000 10000000 0 10000000 10000000 909 10000000 10000000 938 
0 432 410 438 251 1004 10000000 10000000 0 869 608 10000000 917 10000000 
0 10000000 549 925 989 636 417 10000000 869 0 10000000 708 313 740 
0 806 997 818 473 10000000 10000000 909 608 10000000 0 10000000 10000000 10000000 
0 10000000 959 10000000 10000000 10000000 422 10000000 10000000 708 10000000 0 904 1204 
0 10000000 618 922 1011 412 591 10000000 923 313 10000000 904 0 504 
0 10000000 10000000 10000000 10000000 10000000 10000000 10000000 10000000 10000000 10000000 10000000 10000000 0 
EOF