NAME : local_14
TYPE : ATSP
DIMENSION : 18
EDGE_WEIGHT_TYPE : EXPLICIT
EDGE_WEIGHT_FORMAT : FULL_MATRIX
EDGE_WEIGHT_SECTION
0 10000000 10000000 491 285 10000000 10000000 10000000 10000000 10000000 960 10000000 10000000 10000000 653 882 491 10000000 
0 0 174 10000000 10000000 685 682 10000000 10000000 710 887 681 461 245 10000000 10000000 10000000 374 
0 174 0 10000000 10000000 568 798 10000000 10000000 676 1036 529 289 119 10000000 10000000 10000000 526 
0 10000000 10000000 0 231 10000000 10000000 10000000 821 10000000 607 10000000 10000000 10000000 322 631 93 1014 
0 10000000 10000000 231 0 10000000 10000000 10000000 824 10000000 698 10000000 10000000 10000000 391 663 225 10000000 
0 685 568 10000000 10000000 0 926 10000000 10000000 374 10000000 200 512 637 10000000 10000000 10000000 10000000 
0 682 798 10000000 10000000 926 0 559 735 644 665 10000000 10000000 908 10000000 821 10000000 755 
0 10000000 10000000 10000000 10000000 10000000 559 0 355 10000000 579 10000000 10000000 10000000 829 528 10000000 10000000 
0 10000000 10000000 821 824 10000000 735 355 0 10000000 378 10000000 10000000 10000000 508 204 734 10000000 
0 710 676 10000000 10000000 374 644 10000000 10000000 0 10000000 564 767 785 10000000 10000000 10000000 10000000 
0 901 1035 612 702 10000000 665 579 378 10000000 0 10000000 10000000 10000000 352 269 513 691 
0 681 529 10000000 10000000 200 10000000 10000000 10000000 564 10000000 0 376 563 10000000 10000000 10000000 10000000 
0 461 289 10000000 10000000 512 10000000 10000000 10000000 767 10000000 376 0 245 10000000 10000000 10000000 779 
0 245 119 10000000 10000000 637 908 10000000 10000000 785 10000000 563 245 0 10000000 10000000 10000000 539 
0 10000000 10000000 322 391 10000000 10000000 829 508 10000000 352 10000000 10000000 10000000 0 311 246 1000 
0 10000000 10000000 631 663 10000000 821 528 204 10000000 269 10000000 10000000 10000000 311 0 548 988 
0 10000000 10000000 93 225 10000000 10000000 10000000 734 10000000 514 10000000 10000000 10000000 246 548 0 978 
0 10000000 10000000 10000000 10000000 10000000 10000000 10000000 10000000 10000000 10000000 10000000 10000000 10000000 10000000 10000000 10000000 0 
EOF