NAME : local_0
TYPE : ATSP
DIMENSION : 19
EDGE_WEIGHT_TYPE : EXPLICIT
EDGE_WEIGHT_FORMAT : FULL_MATRIX
EDGE_WEIGHT_SECTION
0 10000000 10000000 10000000 10000000 10000000 1054 10000000 10000000 10000000 10000000 10000000 10000000 10000000 861 10000000 946 10000000 10000000 
0 0 567 877 639 896 876 163 854 617 437 10000000 930 890 10000000 755 854 10000000 10000000 
0 567 0 10000000 144 10000000 10000000 549 391 495 512 10000000 999 365 580 10000000 10000000 10000000 709 
0 877 10000000 0 10000000 866 10000000 10000000 10000000 10000000 10000000 10000000 10000000 10000000 10000000 10000000 10000000 330 10000000 
0 639 144 10000000 0 10000000 10000000 593 450 408 475 10000000 910 352 479 10000000 1040 10000000 752 
0 896 10000000 813 10000000 0 375 1052 10000000 10000000 10000000 10000000 10000000 10000000 10000000 418 889 10000000 10000000 
0 876 10000000 10000000 10000000 375 0 910 10000000 10000000 986 10000000 10000000 10000000 10000000 131 529 10000000 10000000 
0 163 549 10000000 593 1019 895 0 877 499 311 908 799 881 10000000 770 789 10000000 10000000 
0 854 391 10000000 450 10000000 10000000 877 0 847 870 10000000 10000000 207 545 10000000 10000000 10000000 333 
0 617 495 10000000 408 10000000 10000000 499 847 0 205 646 513 735 713 1141 757 10000000 10000000 
0 437 512 10000000 475 10000000 964 311 870 205 0 663 542 801 835 898 677 10000000 10000000 
0 10000000 10000000 10000000 10000000 10000000 10000000 908 10000000 646 663 0 219 10000000 10000000 994 544 10000000 10000000 
0 930 999 10000000 910 10000000 10000000 799 10000000 513 542 219 0 10000000 10000000 10000000 664 10000000 10000000 
0 890 365 10000000 352 10000000 10000000 881 207 735 801 10000000 10000000 0 344 10000000 10000000 10000000 438 
0 10000000 580 10000000 479 10000000 10000000 10000000 545 713 835 10000000 10000000 344 0 10000000 10000000 10000000 667 
0 755 10000000 10000000 10000000 418 131 770 10000000 1053 903 994 10000000 10000000 10000000 0 477 10000000 10000000 
0 854 10000000 10000000 1314 889 529 789 10000000 757 677 544 664 10000000 10000000 477 0 10000000 10000000 
0 10000000 10000000 330 10000000 10000000 10000000 10000000 10000000 10000000 10000000 10000000 10000000 10000000 10000000 10000000 10000000 0 10000000 
0 10000000 10000000 10000000 10000000 10000000 10000000 10000000 10000000 10000000 10000000 10000000 10000000 10000000 10000000 10000000 10000000 10000000 0 
EOF