NAME : local_3
TYPE : ATSP
DIMENSION : 22
EDGE_WEIGHT_TYPE : EXPLICIT
EDGE_WEIGHT_FORMAT : FULL_MATRIX
EDGE_WEIGHT_SECTION
0 383 10000000 342 874 10000000 474 484 10000000 266 433 354 373 560 10000000 10000000 446 10000000 601 691 835 470 
0 0 10000000 374 595 10000000 553 821 10000000 573 750 617 737 280 10000000 10000000 628 10000000 701 940 649 382 
0 10000000 0 10000000 10000000 922 10000000 10000000 264 10000000 10000000 10000000 10000000 10000000 10000000 841 10000000 874 10000000 10000000 10000000 10000000 
0 374 10000000 0 967 10000000 224 808 10000000 602 486 328 681 648 10000000 10000000 761 10000000 913 1026 10000000 675 
0 595 10000000 967 0 10000000 10000000 10000000 10000000 911 10000000 10000000 10000000 324 10000000 10000000 801 10000000 714 10000000 231 458 
0 10000000 922 10000000 10000000 0 10000000 10000000 840 10000000 10000000 10000000 10000000 10000000 320 247 10000000 620 10000000 10000000 10000000 10000000 
0 553 10000000 224 10000000 10000000 0 894 10000000 728 418 267 749 831 10000000 10000000 920 10000000 10000000 10000000 10000000 862 
0 821 10000000 808 10000000 10000000 894 0 10000000 253 608 665 151 881 10000000 10000000 363 10000000 505 448 991 676 
0 10000000 264 10000000 10000000 840 10000000 10000000 0 10000000 10000000 10000000 10000000 10000000 862 696 10000000 644 10000000 884 10000000 10000000 
0 573 10000000 602 911 10000000 728 253 10000000 0 558 549 216 644 10000000 10000000 234 10000000 424 465 813 457 
0 750 10000000 486 10000000 10000000 418 608 10000000 558 0 162 460 976 10000000 10000000 791 10000000 950 1013 10000000 900 
0 617 10000000 328 10000000 10000000 267 665 10000000 549 162 0 515 863 10000000 10000000 771 10000000 929 980 10000000 818 
0 737 10000000 681 10000000 10000000 749 151 10000000 216 460 515 0 842 10000000 10000000 412 10000000 567 539 10000000 665 
0 280 10000000 648 324 10000000 831 881 10000000 644 976 863 842 0 10000000 10000000 596 10000000 592 938 382 241 
0 10000000 10000000 10000000 10000000 320 10000000 10000000 862 10000000 10000000 10000000 10000000 10000000 0 195 10000000 399 10000000 10000000 10000000 10000000 
0 10000000 841 10000000 10000000 247 10000000 10000000 696 10000000 10000000 10000000 10000000 10000000 195 0 10000000 374 10000000 10000000 10000000 10000000 
0 628 10000000 761 801 10000000 920 363 10000000 234 791 771 412 596 10000000 10000000 0 1010 260 386 676 361 
0 10000000 874 10000000 10000000 620 10000000 10000000 644 10000000 10000000 10000000 10000000 10000000 399 374 1032 0 10000000 740 10000000 10000000 
0 701 10000000 913 714 10000000 10000000 505 10000000 424 950 929 567 592 10000000 10000000 260 10000000 0 587 531 373 
0 940 10000000 1045 10000000 10000000 10000000 427 884 465 1025 997 542 938 10000000 10000000 386 740 587 0 10000000 713 
0 649 10000000 10000000 231 10000000 10000000 991 10000000 813 10000000 10000000 10000000 382 10000000 10000000 676 10000000 531 10000000 0 393 
0 10000000 10000000 10000000 10000000 10000000 10000000 10000000 10000000 10000000 10000000 10000000 10000000 10000000 10000000 10000000 10000000 10000000 10000000 10000000 10000000 0 
EOF