NAME : local_8
TYPE : ATSP
DIMENSION : 16
EDGE_WEIGHT_TYPE : EXPLICIT
EDGE_WEIGHT_FORMAT : FULL_MATRIX
EDGE_WEIGHT_SECTION
0 1080 10000000 1055 1024 1066 10000000 710 10000000 341 701 10000000 669 817 10000000 581 
0 0 796 911 756 646 900 10000000 10000000 10000000 10000000 576 913 599 10000000 436 
0 795 0 690 662 571 378 10000000 10000000 10000000 10000000 498 10000000 771 10000000 959 
0 911 690 0 170 281 377 10000000 10000000 10000000 10000000 382 600 415 10000000 799 
0 756 662 170 0 135 431 10000000 10000000 10000000 10000000 250 552 273 10000000 672 
0 646 571 281 135 0 418 10000000 10000000 10000000 10000000 116 630 280 10000000 628 
0 900 378 377 431 418 0 10000000 10000000 10000000 10000000 428 863 619 10000000 955 
0 10000000 10000000 10000000 10000000 10000000 10000000 0 10000000 921 965 10000000 10000000 10000000 10000000 10000000 
0 10000000 10000000 10000000 10000000 10000000 10000000 10000000 0 829 731 10000000 699 10000000 366 10000000 
0 10000000 10000000 10000000 10000000 10000000 10000000 921 829 0 455 10000000 612 888 993 732 
0 10000000 10000000 10000000 10000000 10000000 10000000 965 731 455 0 10000000 904 10000000 713 10000000 
0 576 498 382 250 116 428 10000000 10000000 10000000 10000000 0 723 348 10000000 631 
0 913 10000000 600 552 630 863 10000000 699 612 904 723 0 392 10000000 574 
0 599 771 415 273 280 619 10000000 10000000 888 10000000 348 392 0 10000000 430 
0 10000000 10000000 10000000 10000000 10000000 10000000 10000000 366 993 713 10000000 10000000 10000000 0 10000000 
0 10000000 10000000 10000000 10000000 10000000 10000000 10000000 10000000 10000000 10000000 10000000 10000000 10000000 10000000 0 
EOF