NAME : local_4
TYPE : ATSP
DIMENSION : 14
EDGE_WEIGHT_TYPE : EXPLICIT
EDGE_WEIGHT_FORMAT : FULL_MATRIX
EDGE_WEIGHT_SECTION
0 858 990 707 343 500 457 859 10000000 1070 739 558 366 344 
0 0 10000000 10000000 10000000 10000000 675 10000000 696 10000000 830 735 10000000 930 
0 10000000 0 10000000 10000000 10000000 837 261 10000000 122 10000000 10000000 10000000 1062 
0 10000000 10000000 0 694 837 10000000 10000000 10000000 10000000 10000000 10000000 362 861 
0 10000000 10000000 694 0 227 766 10000000 10000000 10000000 600 507 355 562 
0 10000000 10000000 837 227 0 899 10000000 10000000 10000000 557 538 524 757 
0 675 837 10000000 766 899 0 639 10000000 884 895 677 790 362 
0 10000000 261 10000000 10000000 10000000 639 0 10000000 274 10000000 10000000 1228 909 
0 696 10000000 10000000 10000000 10000000 10000000 10000000 0 10000000 781 862 10000000 10000000 
0 10000000 122 10000000 10000000 10000000 884 274 10000000 0 10000000 10000000 10000000 10000000 
0 830 10000000 10000000 600 557 895 10000000 781 10000000 0 225 944 797 
0 735 10000000 10000000 507 538 677 10000000 862 10000000 225 0 811 579 
0 10000000 10000000 362 355 524 790 1176 10000000 10000000 944 811 0 580 
0 10000000 10000000 10000000 10000000 10000000 10000000 10000000 10000000 10000000 10000000 10000000 10000000 0 
EOF