NAME : local_8
TYPE : ATSP
DIMENSION : 14
EDGE_WEIGHT_TYPE : EXPLICIT
EDGE_WEIGHT_FORMAT : FULL_MATRIX
EDGE_WEIGHT_SECTION
0 594 518 604 377 10000000 612 720 10000000 598 10000000 10000000 1039 696 
0 0 662 806 955 10000000 907 907 10000000 366 1139 10000000 977 636 
0 662 0 163 676 10000000 277 276 10000000 377 10000000 10000000 10000000 232 
0 806 163 0 672 10000000 138 122 10000000 529 10000000 10000000 10000000 316 
0 955 676 672 0 10000000 600 761 10000000 906 10000000 10000000 10000000 898 
0 10000000 10000000 10000000 10000000 0 10000000 10000000 523 10000000 495 749 798 10000000 
0 907 277 138 600 10000000 0 163 10000000 653 10000000 10000000 10000000 454 
0 907 276 122 752 10000000 163 0 10000000 620 10000000 10000000 10000000 366 
0 10000000 10000000 10000000 10000000 523 10000000 10000000 0 10000000 720 228 566 10000000 
0 366 377 529 906 10000000 653 620 10000000 0 10000000 10000000 10000000 299 
0 1187 10000000 10000000 10000000 495 10000000 10000000 720 10000000 0 880 589 10000000 
0 10000000 10000000 10000000 10000000 749 10000000 10000000 228 10000000 880 0 572 10000000 
0 954 10000000 10000000 10000000 798 10000000 10000000 566 10000000 589 572 0 10000000 
0 10000000 10000000 10000000 10000000 10000000 10000000 10000000 10000000 10000000 10000000 10000000 10000000 0 
EOF