NAME : local_7
TYPE : ATSP
DIMENSION : 13
EDGE_WEIGHT_TYPE : EXPLICIT
EDGE_WEIGHT_FORMAT : FULL_MATRIX
EDGE_WEIGHT_SECTION
0 716 854 10000000 802 390 10000000 733 857 851 769 866 663 
0 0 10000000 707 10000000 355 546 10000000 10000000 10000000 10000000 10000000 691 
0 10000000 0 10000000 755 10000000 10000000 578 848 150 939 764 10000000 
0 707 10000000 0 10000000 818 420 969 10000000 10000000 10000000 900 425 
0 10000000 755 10000000 0 10000000 10000000 10000000 128 878 287 10000000 10000000 
0 355 10000000 818 10000000 0 787 968 10000000 10000000 10000000 10000000 596 
0 546 10000000 420 10000000 787 0 10000000 10000000 10000000 10000000 10000000 679 
0 10000000 578 969 10000000 968 10000000 0 10000000 448 10000000 215 641 
0 10000000 848 10000000 128 10000000 10000000 10000000 0 969 205 10000000 10000000 
0 10000000 150 10000000 878 10000000 10000000 448 969 0 10000000 625 1005 
0 10000000 939 10000000 287 10000000 10000000 10000000 205 10000000 0 10000000 10000000 
0 10000000 764 900 10000000 10000000 10000000 215 10000000 625 10000000 0 601 
0 10000000 10000000 10000000 10000000 10000000 10000000 10000000 10000000 10000000 10000000 10000000 0 
EOF